image: crop_sithu.pgm
resolution: 0.010000
origin: [-1.00000, -4.50000, 0.000000]
negate: 0
occupied_thresh: 0.65
free_thresh: 0.196

